%YAML:1.0

K: !!opencv-matrix
   rows: 3
   cols: 3
   dt: d
   data: [743.110080674232, 0, 676.0949342959384,0, 743.4461628019118,  508.8697283753922,0, 0, 1]
d: !!opencv-matrix
   rows: 5
   cols: 1
   dt: d
   data: [-0.35526367149600615  , 0.15498336738033026 ,0.00010896066686236641,  0.0009686905566067573,-0.03601443303207001]

Camera.width: 1392
Camera.height: 976

grid_length: 0.045
corner_in_x: 11
corner_in_y: 8
