%YAML:1.0

K: !!opencv-matrix
   rows: 3
   cols: 3
   dt: d
   data: [323.82823054353539, 0, 565.5876786211957,0, 322.99613532520558, 557.2287783914765,0, 0, 1]
d: !!opencv-matrix
   rows: 4
   cols: 1
   dt: d
   data: [-0.014256972346800642, -0.00019721990901892033, -0.001333996556456368, 0.000035260300340928418]

Camera.width: 1120
Camera.height: 1120

grid_length: 0.045
corner_in_x: 11
corner_in_y: 8
